# MVE view meta data is stored in INI-file syntax.
# This file is generated, formatting will get lost.

[camera]
focal_length = 1.624623775
pixel_aspect = 1
principal_point = 0.5 0.5
rotation = -0.2429692745 0.7836723328 -0.5723769665 -0.6770792603 0.2854880691 0.6788699031 0.6951012015 0.5524986386 0.4612136185
translation = 1.980648518 -1.895498633 3.112396002

[view]
id = 0
name = 6_1
