# MVE view meta data is stored in INI-file syntax.
# This file is generated, formatting will get lost.

[camera]
focal_length = 1.032800436
pixel_aspect = 1
principal_point = 0.5 0.5
rotation = 0.2054534405 0.7088863254 -0.6781436801 -0.7241492271 0.5754368901 0.3816642165 0.6592662334 0.4130285084 0.6317090988
translation = 2.145499945 -0.8394283056 1.365694761

[view]
id = 3
name = 6_2
