# MVE view meta data is stored in INI-file syntax.
# This file is generated, formatting will get lost.

[camera]
focal_length = 0.8305355906
pixel_aspect = 1
principal_point = 0.5 0.5
rotation = 0.9999908805 -0.005263220053 0.0009961518226 0.005254015792 0.9999727011 0.007033610251 -0.001036522212 -0.007028882857 0.999982059
translation = -0.01563482918 -0.01214784849 0.04596030712

[view]
id = 6
name = 6_5
