# MVE view meta data is stored in INI-file syntax.
# This file is generated, formatting will get lost.

[camera]
focal_length = 0.8659360409
pixel_aspect = 1
principal_point = 0.5 0.5
rotation = -0.9875107408 0.03494495526 -0.1539501101 -0.1576439589 -0.2673837841 0.9506893754 -0.007889701054 0.9630588889 0.2695229053
translation = 1.071139336 -3.765575886 2.870965719

[view]
id = 7
name = IMG_0035
