# MVE view meta data is stored in INI-file syntax.
# This file is generated, formatting will get lost.

[camera]
focal_length = 0.8240736127
pixel_aspect = 1
principal_point = 0.5 0.5
rotation = 0.1817231625 -0.7616058588 0.6221218109 0.5893155932 0.5907616615 0.5511841774 -0.787314117 0.266443342 0.5561733246
translation = -1.950994492 -1.805714011 1.55450058

[view]
id = 9
name = 6_8
