# MVE view meta data is stored in INI-file syntax.
# This file is generated, formatting will get lost.

[camera]
focal_length = 0.8385550976
pixel_aspect = 1
principal_point = 0.5 0.5
rotation = 0.5754135847 -0.6371088028 0.5128650069 0.6119195223 0.7514604926 0.2468795329 -0.5426527262 0.171765089 0.822268486
translation = -2.270120144 -1.139329672 0.7828612328

[view]
id = 2
name = IMG_0030
