# MVE view meta data is stored in INI-file syntax.
# This file is generated, formatting will get lost.

[camera]
focal_length = 0.8364551663
pixel_aspect = 1
principal_point = 0.5 0.5
rotation = 0.8982090354 -0.350553751 0.2652557492 0.327637136 0.9362000823 0.1278686821 -0.29315871 -0.02794282325 0.9557549953
translation = -1.336583376 -0.4021521211 0.1472214311

[view]
id = 1
name = IMG_0029
