# MVE view meta data is stored in INI-file syntax.
# This file is generated, formatting will get lost.

[camera]
focal_length = 0.8364779353
pixel_aspect = 1
principal_point = 0.5 0.5
rotation = 0.9137784839 0.2775560319 -0.2966281474 -0.2830891013 0.9587735534 0.02507224306 0.291359216 0.06106558442 0.9546697736
translation = 0.9856126904 0.05889371783 -0.01853683218

[view]
id = 5
name = 6_4
