# MVE view meta data is stored in INI-file syntax.
# This file is generated, formatting will get lost.

[camera]
focal_length = 0.8265386224
pixel_aspect = 1
principal_point = 0.5 0.5
rotation = -0.05188463256 0.8003640771 -0.5973562598 -0.8515250683 0.2770483494 0.4452198148 0.5218060017 0.5317806602 0.6671509147
translation = 2.482214451 -1.755436897 0.9945029616

[view]
id = 10
name = IMG_0038
