# MVE view meta data is stored in INI-file syntax.
# This file is generated, formatting will get lost.

[camera]
focal_length = 0.8402096629
pixel_aspect = 1
principal_point = 0.5 0.5
rotation = 0.9345359802 -0.2937064767 0.2009883672 0.2962676287 0.9549580812 0.01791504957 -0.1971824765 0.04280287027 0.9794495106
translation = -0.974681139 -0.1943934262 0.1229013056

[view]
id = 14
name = IMG_0042
