# MVE view meta data is stored in INI-file syntax.
# This file is generated, formatting will get lost.

[camera]
focal_length = 0.8361654878
pixel_aspect = 1
principal_point = 0.5 0.5
rotation = 0.9999858141 -0.01036434993 -0.00833559595 0.01017651893 0.9998334646 -0.01805035211 0.00851644855 0.01796456054 0.9999132752
translation = 0.05366865918 0.03599466383 -0.1431913674

[view]
id = 13
name = IMG_0041
