# MVE view meta data is stored in INI-file syntax.
# This file is generated, formatting will get lost.

[camera]
focal_length = 0.7591317892
pixel_aspect = 1
principal_point = 0.5 0.5
rotation = 0.7752504349 -0.4764092565 0.4148674607 0.4796998203 0.871265173 0.1041203514 -0.4110324383 0.118316412 0.9039613605
translation = -2.566184044 -0.9576329589 0.6628596783

[view]
id = 6
name = IMG_0007
