# MVE view meta data is stored in INI-file syntax.
# This file is generated, formatting will get lost.

[camera]
focal_length = 0.6405919194
pixel_aspect = 1
principal_point = 0.5 0.5
rotation = -0.6862817407 -0.6104710102 0.3958694935 0.5380676985 -0.05919650942 0.8409808874 -0.4899637699 0.7901391983 0.3691144288
translation = -1.220918417 -3.76295948 2.260400295

[view]
id = 5
name = IMG_0033
