# MVE view meta data is stored in INI-file syntax.
# This file is generated, formatting will get lost.

[camera]
focal_length = 0.6117059588
pixel_aspect = 1
principal_point = 0.5 0.5
rotation = 0.8959177732 0.4442221224 0.01613128744 -0.4439436793 0.8920232654 0.08654391766 0.02410300449 -0.08459599316 0.9962462783
translation = 0.1710796505 -0.03370868787 0.9927048683

[view]
id = 13
name = IMG_0097
