# MVE view meta data is stored in INI-file syntax.
# This file is generated, formatting will get lost.

[camera]
focal_length = 0.7464927435
pixel_aspect = 1
principal_point = 0.5 0.5
rotation = 0.999945581 0.01158666983 -0.002569904784 -0.01156531647 0.9998866916 0.01080872398 0.002685741521 -0.01079319697 0.9999477863
translation = -0.1112893447 -0.02697127126 -0.2882466614

[view]
id = 4
name = IMG_0005
