# MVE view meta data is stored in INI-file syntax.
# This file is generated, formatting will get lost.

[camera]
focal_length = 0.6469402313
pixel_aspect = 1
principal_point = 0.5 0.5
rotation = 0.8843531013 0.4192910492 -0.2055277079 -0.4292490184 0.9032242894 -0.004330548458 0.1837966442 0.09205018729 0.9787124395
translation = 1.282010913 -0.04053776339 -1.144628763

[view]
id = 3
name = IMG_0004
