# MVE view meta data is stored in INI-file syntax.
# This file is generated, formatting will get lost.

[camera]
focal_length = 0.8314602971
pixel_aspect = 1
principal_point = 0.5 0.5
rotation = 0.4854504764 0.7167313099 -0.5006685853 -0.7610401511 0.6282818913 0.1615257114 0.4303223491 0.3026241064 0.8504576087
translation = 2.322400093 -0.6750497818 0.6302863359

[view]
id = 11
name = IMG_0039
