# MVE view meta data is stored in INI-file syntax.
# This file is generated, formatting will get lost.

[camera]
focal_length = 0.8555027246
pixel_aspect = 1
principal_point = 0.5 0.5
rotation = 0.9092079997 0.3234495819 -0.2628846169 -0.3410115242 0.9398311973 -0.02256979793 0.2397564352 0.1101938561 0.9647908211
translation = 1.111423373 -0.1909251809 0.2355728298

[view]
id = 12
name = IMG_0040
