# MVE view meta data is stored in INI-file syntax.
# This file is generated, formatting will get lost.

[camera]
focal_length = 0.834782362
pixel_aspect = 1
principal_point = 0.5 0.5
rotation = 0.8825232983 -0.3796193302 0.2776526213 0.4693677723 0.7489910126 -0.4677704573 -0.0303926263 0.5431197286 0.8391675949
translation = -1.322181702 1.809884071 0.3480892479

[view]
id = 0
name = IMG_0028
