# MVE view meta data is stored in INI-file syntax.
# This file is generated, formatting will get lost.

[camera]
focal_length = 0.8231396675
pixel_aspect = 1
principal_point = 0.5 0.5
rotation = -0.5618105531 0.6529640555 -0.5079951286 -0.7024562955 -0.0521510914 0.7099522948 0.4370275438 0.7557248473 0.4879539311
translation = 2.229565859 -2.691603899 1.719854116

[view]
id = 9
name = IMG_0037
