# MVE view meta data is stored in INI-file syntax.
# This file is generated, formatting will get lost.

[camera]
focal_length = 1.164504409
pixel_aspect = 1
principal_point = 0.5 0.5
rotation = 0.9913797379 -0.08821816742 0.1164388955 0.1274070889 0.9234287739 -0.3648609817 -0.07550165057 0.3769215047 0.9264912009
translation = -0.8800451159 2.066151142 2.335341692

[view]
id = 0
name = IMG_0001
