# MVE view meta data is stored in INI-file syntax.
# This file is generated, formatting will get lost.

[camera]
focal_length = 0.8816938996
pixel_aspect = 1
principal_point = 0.5 0.5
rotation = 0.6814962029 0.5077697039 -0.5272871852 -0.5457398891 0.832447052 0.09619386494 0.4877907336 0.2222062051 0.8444082737
translation = 1.682520509 -0.2089719921 0.3516999781

[view]
id = 4
name = 6_3
