# MVE view meta data is stored in INI-file syntax.
# This file is generated, formatting will get lost.

[camera]
focal_length = 0.8476431966
pixel_aspect = 1
principal_point = 0.5 0.5
rotation = 0.1612021774 -0.7954028249 0.5842968225 0.7454359531 0.4861445725 0.4561176598 -0.6468059421 0.3620072007 0.671274364
translation = -2.387550592 -2.232115507 1.565200448

[view]
id = 3
name = IMG_0031
