# MVE view meta data is stored in INI-file syntax.
# This file is generated, formatting will get lost.

[camera]
focal_length = 0.8351976871
pixel_aspect = 1
principal_point = 0.5 0.5
rotation = 0.6337506771 -0.5775176883 0.5146475434 0.5010724664 0.8133396506 0.2956748605 -0.5893313289 0.07049840689 0.8048220277
translation = -1.432058573 -0.9125136137 0.8131381869

[view]
id = 8
name = 6_7
