# MVE view meta data is stored in INI-file syntax.
# This file is generated, formatting will get lost.

[camera]
focal_length = 0.4634097517
pixel_aspect = 1
principal_point = 0.5 0.5
rotation = 0.9998571873 0.01197391748 -0.01731460355 -0.0120779397 0.9999548197 -0.005989993922 0.01725404337 0.006219301838 0.9998785257
translation = 0.03560248017 -0.09456648678 0.1160867959

[view]
id = 1
name = IMG_0085
