# MVE view meta data is stored in INI-file syntax.
# This file is generated, formatting will get lost.

[camera]
focal_length = 0.8325835466
pixel_aspect = 1
principal_point = 0.5 0.5
rotation = 0.886038959 -0.3717071712 0.2771137059 0.3691456914 0.9272282124 0.0634585768 -0.280534029 0.0460687466 0.9587724805
translation = -1.302691698 -0.2595509589 0.0829456225

[view]
id = 15
name = IMG_0043
