# MVE view meta data is stored in INI-file syntax.
# This file is generated, formatting will get lost.

[camera]
focal_length = 0.7700456381
pixel_aspect = 1
principal_point = 0.5 0.5
rotation = 0.9754580855 -0.1748078912 0.134036392 0.1722217649 0.9845943451 0.0307735689 -0.1373396963 -0.006953032222 0.9905125499
translation = -0.8953285813 -0.1139493287 -0.2470529079

[view]
id = 5
name = IMG_0006
