# MVE view meta data is stored in INI-file syntax.
# This file is generated, formatting will get lost.

[camera]
focal_length = 0.8242903352
pixel_aspect = 1
principal_point = 0.5 0.5
rotation = -0.3616174757 -0.7763226628 0.5164939165 0.6942528486 0.1455865204 0.7048755288 -0.6224187016 0.6134630442 0.486305207
translation = -1.768370032 -3.355637312 2.447498083

[view]
id = 4
name = IMG_0032
