# MVE view meta data is stored in INI-file syntax.
# This file is generated, formatting will get lost.

[camera]
focal_length = 0.8314644098
pixel_aspect = 1
principal_point = 0.5 0.5
rotation = 0.9073745012 -0.2897461355 0.304525882 0.2779481113 0.9570665956 0.0824207142 -0.3153209388 0.009856740944 0.9489421844
translation = -0.9429432154 -0.2483505309 0.2398671955

[view]
id = 7
name = 6_6
