# MVE view meta data is stored in INI-file syntax.
# This file is generated, formatting will get lost.

[camera]
focal_length = 0.847705245
pixel_aspect = 1
principal_point = 0.5 0.5
rotation = -0.8971880078 0.315936923 -0.3086185455 -0.3940127194 -0.256829083 0.8825024366 0.1995559186 0.9133657813 0.3549095392
translation = 1.59549129 -3.430898905 2.41115427

[view]
id = 8
name = IMG_0036
