# MVE view meta data is stored in INI-file syntax.
# This file is generated, formatting will get lost.

[camera]
focal_length = 0.8599877357
pixel_aspect = 1
principal_point = 0.5 0.5
rotation = -0.9610835314 -0.2630975842 0.08482478559 0.1531584412 -0.2514633238 0.9558004141 -0.2301479876 0.9315664172 0.2819803655
translation = 0.2521541119 -4.002952576 2.948211193

[view]
id = 6
name = IMG_0034
